150 -50 200 250 -50 200
150 -50 200 150 50 200
250 50 200 150 50 200
250 50 200 250 -50 200
150 -50 200 150 -50 300
250 -50 200 250 -50 300
150 50 200 150 50 300
250 50 200 250 50 300
150 -50 300 250 -50 300
150 -50 300 150 50 300
250 50 300 150 50 300
250 50 300 250 -50 300
150 -50 200 200 -100 250
250 -50 200 200 -100 250
150 -50 300 200 -100 250
250 -50 300 200 -100 250
-150 -250 200 -250 -250 200
-150 -250 200 -150 50 200
-250 50 200 -150 50 200
-250 50 200 -250 -250 200
-150 -250 200 -150 -250 300
-250 -250 200 -250 -250 300
-150 50 200 -150 50 300
-250 50 200 -250 50 300
-150 -250 300 -250 -250 300
-150 -250 300 -150 50 300
-250 50 300 -150 50 300
-250 50 300 -250 -250 300
-100 50 200 100 50 200
-100 50 500 100 50 500
-100 50 200 -100 50 500
100 50 200 100 50 500
0 50 225 0 50 275
0 50 325 0 50 375
0 50 425 0 50 475
-225 50 200 -225 0 200
-200 50 200 -200 0 200
-225 0 200 -200 0 200
250 50 270 250 0 270
250 50 245 250 0 245
250 0 270 250 0 245
250 0 270 250 0 245
150 -100 400 250 -100 400
150 -100 400 150 50 400
250 50 400 150 50 400
250 50 400 250 -100 400
150 -100 400 150 -100 500
250 -100 400 250 -100 500
150 50 400 150 50 500
250 50 400 250 50 500
150 -100 500 250 -100 500
150 -100 500 150 50 500
250 50 500 150 50 500
250 50 500 250 -100 500
-150 -250 400 -250 -250 400
-150 -250 400 -150 50 400
-250 50 400 -150 50 400
-250 50 400 -250 -250 400
-150 -250 400 -150 -175 500
-250 -250 400 -250 -175 500
-150 50 400 -150 50 500
-250 50 400 -250 50 500
-150 -175 500 -250 -175 500
-150 -175 500 -150 50 500
-250 50 500 -150 50 500
-250 50 500 -250 -175 500

